2-Opponent Starting Hand Analysis

Rank,Opponents,Faces,Type,Card1,Card2,Hash,Label,WinOrDraw,Lose,Total,CoinFlip,WinOrDrawPercent,CoinFlipDeltaPercent
1,2,AA,pair,12,25,649,As Ah,698653078430,248400860170,947053938600,315684646200,73.77,40.43
2,2,KK,pair,11,24,596,Ks Kh,655505248754,291548689846,947053938600,315684646200,69.21,35.88
3,2,QQ,pair,10,23,543,Qs Qh,618445583874,328608354726,947053938600,315684646200,65.3,31.96
4,2,JJ,pair,9,22,490,Js Jh,583160244858,363893693742,947053938600,315684646200,61.57,28.24
5,2,TT,pair,8,21,437,Ts Th,549499953484,397553985116,947053938600,315684646200,58.02,24.68
6,2,99,pair,7,20,384,9s 9h,512116742962,434937195638,947053938600,315684646200,54.07,20.74
7,2,AK,suited,11,12,584,Ks As,490182586272,456871352328,947053938600,315684646200,51.75,18.42
8,2,AQ,suited,10,12,532,Qs As,478886578905,468167359695,947053938600,315684646200,50.56,17.23
9,2,88,pair,6,19,331,8s 8h,477799026762,469254911838,947053938600,315684646200,50.45,17.11
10,2,AJ,suited,9,12,480,Js As,468655270548,478398668052,947053938600,315684646200,49.48,16.15
11,2,AK,offsuit,11,25,597,Ks Ah,466720089188,480333849412,947053938600,315684646200,49.28,15.94
12,2,AT,suited,8,12,428,Ts As,459382820085,487671118515,947053938600,315684646200,48.5,15.17
13,2,KQ,suited,10,11,531,Qs Ks,457145657106,489908281494,947053938600,315684646200,48.27,14.93
14,2,AQ,offsuit,10,25,545,Qs Ah,454579018003,492474920597,947053938600,315684646200,47.99,14.66
15,2,KJ,suited,9,11,479,Js Ks,446939326750,500114611850,947053938600,315684646200,47.19,13.85
16,2,77,pair,5,18,278,7s 7h,445207611432,501846327168,947053938600,315684646200,47,13.67
17,2,AJ,offsuit,9,25,493,Js Ah,443567228392,503486710208,947053938600,315684646200,46.83,13.5
18,2,KT,suited,8,11,427,Ts Ks,437859390458,509194548142,947053938600,315684646200,46.23,12.9
19,2,A9,suited,7,12,376,9s As,437112118524,509941820076,947053938600,315684646200,46.15,12.82
20,2,AT,offsuit,8,25,441,Ts Ah,433578027764,513475910836,947053938600,315684646200,45.78,12.44
21,2,KQ,offsuit,10,24,544,Qs Kh,431959822550,515094116050,947053938600,315684646200,45.61,12.27
22,2,QJ,suited,9,10,478,Js Qs,431302465736,515751472864,947053938600,315684646200,45.54,12.2
23,2,A8,suited,6,12,324,8s As,428963110218,518090828382,947053938600,315684646200,45.29,11.96
24,2,QT,suited,8,10,426,Ts Qs,422295625040,524758313560,947053938600,315684646200,44.59,11.25
25,2,KJ,offsuit,9,24,492,Js Kh,420975857723,526078080877,947053938600,315684646200,44.45,11.11
26,2,A7,suited,5,12,272,7s As,419710508820,527343429780,947053938600,315684646200,44.31,10.98
27,2,K9,suited,7,11,375,9s Ks,415589824659,531464113941,947053938600,315684646200,43.88,10.54
28,2,66,pair,4,17,225,6s 6h,414486733696,532567204904,947053938600,315684646200,43.76,10.43
29,2,A5,suited,3,12,168,5s As,412838265291,534215673309,947053938600,315684646200,43.59,10.25
30,2,JT,suited,8,9,425,Ts Js,411522527771,535531410829,947053938600,315684646200,43.45,10.11
31,2,KT,offsuit,8,24,440,Ts Kh,411190933291,535863005309,947053938600,315684646200,43.41,10.08
32,2,A9,offsuit,7,25,389,9s Ah,409603701937,537450236663,947053938600,315684646200,43.25,9.91
33,2,A6,suited,4,12,220,6s As,409049216913,538004721687,947053938600,315684646200,43.19,9.85
34,2,QJ,offsuit,9,23,491,Js Qh,404933425192,542120513408,947053938600,315684646200,42.75,9.42
35,2,A4,suited,2,12,116,4s As,404255405442,542798533158,947053938600,315684646200,42.68,9.35
36,2,A8,offsuit,6,25,337,8s Ah,400740675397,546313263203,947053938600,315684646200,42.31,8.98
37,2,Q9,suited,7,10,374,9s Qs,400065715807,546988222793,947053938600,315684646200,42.24,8.9
38,2,K8,suited,6,11,323,8s Ks,396842982078,550210956522,947053938600,315684646200,41.9,8.56
39,2,A3,suited,1,12,64,3s As,395852801001,551201137599,947053938600,315684646200,41.79,8.46
40,2,QT,offsuit,8,23,439,Ts Qh,395228097150,551825841450,947053938600,315684646200,41.73,8.39
41,2,A7,offsuit,5,25,285,7s Ah,390702655642,556351282958,947053938600,315684646200,41.25,7.92
42,2,K7,suited,5,11,271,7s Ks,389912808354,557141130246,947053938600,315684646200,41.17,7.83
43,2,J9,suited,7,9,373,9s Js,389293659410,557760279190,947053938600,315684646200,41.1,7.77
44,2,K9,offsuit,7,24,388,9s Kh,387216137865,559837800735,947053938600,315684646200,40.88,7.55
45,2,A2,suited,0,12,12,2s As,386995039944,560058898656,947053938600,315684646200,40.86,7.52
46,2,55,pair,3,16,172,5s 5h,385439070312,561614868288,947053938600,315684646200,40.69,7.36
47,2,JT,offsuit,8,22,438,Ts Jh,384312715690,562741222910,947053938600,315684646200,40.57,7.24
48,2,A5,offsuit,3,25,181,5s Ah,383121518643,563932419957,947053938600,315684646200,40.45,7.12
49,2,T9,suited,7,8,372,9s Ts,382693095042,564360843558,947053938600,315684646200,40.4,7.07
50,2,K6,suited,4,11,219,6s Ks,381609491322,565444447278,947053938600,315684646200,40.29,6.96
51,2,Q8,suited,6,10,322,8s Qs,381389302304,565664636296,947053938600,315684646200,40.27,6.93
52,2,A6,offsuit,4,25,233,6s Ah,379157415787,567896522813,947053938600,315684646200,40.03,6.7
53,2,K5,suited,3,11,167,5s Ks,374110518708,572943419892,947053938600,315684646200,39.5,6.16
54,2,A4,offsuit,2,25,129,4s Ah,373711509137,573342429463,947053938600,315684646200,39.46,6.12
55,2,Q9,offsuit,7,23,387,9s Qh,371297178094,575756760506,947053938600,315684646200,39.2,5.87
56,2,J8,suited,6,9,321,8s Js,370703786750,576350151850,947053938600,315684646200,39.14,5.8
57,2,K8,offsuit,6,24,336,8s Kh,367056599188,579997339412,947053938600,315684646200,38.75,5.42
58,2,K4,suited,2,11,115,4s Ks,365805145406,581248793194,947053938600,315684646200,38.62,5.29
59,2,A3,offsuit,1,25,77,3s Ah,364513792995,582540145605,947053938600,315684646200,38.48,5.15
60,2,T8,suited,6,8,320,8s Ts,364153092939,582900845661,947053938600,315684646200,38.45,5.11
61,2,Q7,suited,5,10,270,7s Qs,363127637348,583926301252,947053938600,315684646200,38.34,5
62,2,J9,offsuit,7,22,386,9s Jh,360388542087,586665396513,947053938600,315684646200,38.05,4.72
63,2,K7,offsuit,5,24,284,7s Kh,359510133103,587543805497,947053938600,315684646200,37.96,4.62
64,2,K3,suited,1,11,63,3s Ks,357769679110,589284259490,947053938600,315684646200,37.77,4.44
65,2,98,suited,6,7,319,8s 9s,357501273756,589552664844,947053938600,315684646200,37.74,4.41
66,2,Q6,suited,4,10,218,6s Qs,357168486437,589885452163,947053938600,315684646200,37.71,4.38
67,2,A2,offsuit,0,25,25,2s Ah,354843833450,592210105150,947053938600,315684646200,37.46,4.13
68,2,44,pair,2,15,119,4s 4h,354451686464,592602252136,947053938600,315684646200,37.42,4.09
69,2,T9,offsuit,7,21,385,9s Th,353867889666,593186048934,947053938600,315684646200,37.36,4.03
70,2,J7,suited,5,9,269,7s Js,352431036648,594622901952,947053938600,315684646200,37.21,3.88
71,2,Q8,offsuit,6,23,335,8s Qh,351210009804,595843928796,947053938600,315684646200,37.08,3.75
72,2,K6,offsuit,4,24,232,6s Kh,350499548632,596554389968,947053938600,315684646200,37,3.67
73,2,Q5,suited,3,10,166,5s Qs,349772349992,597281588608,947053938600,315684646200,36.93,3.59
74,2,K2,suited,0,11,11,2s Ks,349733643900,597320294700,947053938600,315684646200,36.92,3.59
75,2,T7,suited,5,8,268,7s Ts,345932150217,601121788383,947053938600,315684646200,36.52,3.19
76,2,K5,offsuit,3,24,180,5s Kh,342384554350,604669384250,947053938600,315684646200,36.15,2.81
77,2,Q4,suited,2,10,114,4s Qs,341657225800,605396712800,947053938600,315684646200,36.07,2.74
78,2,J8,offsuit,6,22,334,8s Jh,340393655120,606660283480,947053938600,315684646200,35.94,2.6
79,2,97,suited,5,7,267,7s 9s,340366938096,606687000504,947053938600,315684646200,35.93,2.6
80,2,87,suited,5,6,266,7s 8s,337685382739,609368555861,947053938600,315684646200,35.65,2.32
81,2,J6,suited,4,9,217,6s Js,334632843040,612421095560,947053938600,315684646200,35.33,2
82,2,T8,offsuit,6,21,333,8s Th,333930281160,613123657440,947053938600,315684646200,35.25,1.92
83,2,Q3,suited,1,10,62,3s Qs,333760264229,613293674371,947053938600,315684646200,35.24,1.9
84,2,K4,offsuit,2,24,128,4s Kh,333277410528,613776528072,947053938600,315684646200,35.19,1.85
85,2,Q7,offsuit,5,23,283,7s Qh,331580952519,615472986081,947053938600,315684646200,35.01,1.67
86,2,J5,suited,3,9,165,5s Js,329539578285,617514360315,947053938600,315684646200,34.79,1.46
87,2,T6,suited,4,8,216,6s Ts,328053582738,619000355862,947053938600,315684646200,34.63,1.3
88,2,98,offsuit,6,20,332,8s 9h,327151975002,619901963598,947053938600,315684646200,34.54,1.21
89,2,Q2,suited,0,10,10,2s Qs,325859184515,621194754085,947053938600,315684646200,34.4,1.07
90,2,Q6,offsuit,4,23,231,6s Qh,325086103985,621967834615,947053938600,315684646200,34.32,0.99
91,2,33,pair,1,14,66,3s 3h,325069436080,621984502520,947053938600,315684646200,34.32,0.99
92,2,K3,offsuit,1,24,76,3s Kh,324480600980,622573337620,947053938600,315684646200,34.26,0.92
93,2,96,suited,4,7,215,6s 9s,322771520382,624282418218,947053938600,315684646200,34.08,0.74
94,2,J4,suited,2,9,113,4s Js,321600088554,625453850046,947053938600,315684646200,33.95,0.62
95,2,86,suited,4,6,214,6s 8s,320902553047,626151385553,947053938600,315684646200,33.88,0.55
96,2,J7,offsuit,5,22,282,7s Jh,320750433396,626303505204,947053938600,315684646200,33.86,0.53
97,2,76,suited,4,5,213,6s 7s,320451797833,626602140767,947053938600,315684646200,33.83,0.5
98,2,Q5,offsuit,3,23,179,5s Qh,317082561077,629971377523,947053938600,315684646200,33.48,0.14
99,2,K2,offsuit,0,24,24,2s Kh,315704300710,631349637890,947053938600,315684646200,33.33,0
100,2,T7,offsuit,5,21,281,7s Th,314342260441,632711678159,947053938600,315684646200,33.19,-0.14
101,2,J3,suited,1,9,61,3s Js,313828950353,633224988247,947053938600,315684646200,33.13,-0.19
102,2,T5,suited,3,8,164,5s Ts,310739855814,636314082786,947053938600,315684646200,32.81,-0.52
103,2,97,offsuit,5,20,280,7s 9h,308741251430,638312687170,947053938600,315684646200,32.6,-0.73
104,2,Q4,offsuit,2,23,127,4s Qh,308184135491,638869803109,947053938600,315684646200,32.54,-0.79
105,2,87,offsuit,5,19,279,7s 8h,306190834913,640863103687,947053938600,315684646200,32.33,-1
106,2,J2,suited,0,9,9,2s Js,306050007504,641003931096,947053938600,315684646200,32.31,-1.01
107,2,95,suited,3,7,163,5s 9s,305326200816,641727737784,947053938600,315684646200,32.23,-1.09
108,2,T4,suited,2,8,112,4s Ts,305184010967,641869927633,947053938600,315684646200,32.22,-1.1
109,2,65,suited,3,4,160,5s 6s,305170713547,641883225053,947053938600,315684646200,32.22,-1.11
110,2,75,suited,3,5,161,5s 7s,303972942385,643080996215,947053938600,315684646200,32.09,-1.23
111,2,85,suited,3,6,162,5s 8s,303648939913,643404998687,947053938600,315684646200,32.06,-1.27
112,2,J6,offsuit,4,22,230,6s Jh,301631322682,645422615918,947053938600,315684646200,31.84,-1.48
113,2,Q3,offsuit,1,23,75,3s Qh,299540449348,647513489252,947053938600,315684646200,31.62,-1.7
114,2,T3,suited,1,8,60,3s Ts,297528728099,649525210501,947053938600,315684646200,31.41,-1.91
115,2,22,pair,0,13,13,2s 2h,297382399772,649671538828,947053938600,315684646200,31.4,-1.93
116,2,J5,offsuit,3,22,178,5s Jh,296098170237,650955768363,947053938600,315684646200,31.26,-2.06
117,2,T6,offsuit,4,21,229,6s Th,295135138215,651918800385,947053938600,315684646200,31.16,-2.16
118,2,54,suited,2,3,107,4s 5s,293418091703,653635846897,947053938600,315684646200,30.98,-2.35
119,2,Q2,offsuit,0,23,23,2s Qh,290913926901,656140011699,947053938600,315684646200,30.71,-2.61
120,2,T2,suited,0,8,8,2s Ts,289858222457,657195716143,947053938600,315684646200,30.6,-2.72
121,2,96,offsuit,4,20,228,6s 9h,289840568216,657213370384,947053938600,315684646200,30.6,-2.72
122,2,64,suited,2,4,108,4s 6s,288208281184,658845657416,947053938600,315684646200,30.43,-2.9
123,2,86,offsuit,4,19,227,6s 8h,288169594533,658884344067,947053938600,315684646200,30.42,-2.9
124,2,76,offsuit,4,18,226,6s 7h,287945388130,659108550470,947053938600,315684646200,30.4,-2.92
125,2,94,suited,2,7,111,4s 9s,287419584363,659634354237,947053938600,315684646200,30.34,-2.98
126,2,J4,offsuit,2,22,126,4s Jh,287391279678,659662658922,947053938600,315684646200,30.34,-2.98
127,2,74,suited,2,5,109,4s 7s,286137543349,660916395251,947053938600,315684646200,30.21,-3.11
128,2,84,suited,2,6,110,4s 8s,285601254019,661452684581,947053938600,315684646200,30.15,-3.17
129,2,93,suited,1,7,59,3s 9s,282112130403,664941808197,947053938600,315684646200,29.78,-3.54
130,2,J3,offsuit,1,22,74,3s Jh,278885618268,668168320332,947053938600,315684646200,29.44,-3.88
131,2,T5,offsuit,3,21,177,5s Th,276571157833,670482780767,947053938600,315684646200,29.2,-4.13
132,2,53,suited,1,3,55,3s 5s,276509329604,670544608996,947053938600,315684646200,29.19,-4.13
133,2,92,suited,0,7,7,2s 9s,274548634965,672505303635,947053938600,315684646200,28.98,-4.34
134,2,65,offsuit,3,17,173,5s 6h,271764568667,675289369933,947053938600,315684646200,28.69,-4.63
135,2,95,offsuit,3,20,176,5s 9h,271133654716,675920283884,947053938600,315684646200,28.62,-4.7
136,2,T4,offsuit,2,21,125,4s Th,270423322695,676630615905,947053938600,315684646200,28.55,-4.77
137,2,63,suited,1,4,56,3s 6s,270403356748,676650581852,947053938600,315684646200,28.55,-4.78
138,2,J2,offsuit,0,22,22,2s Jh,270393527030,676660411570,947053938600,315684646200,28.55,-4.78
139,2,75,offsuit,3,18,174,5s 7h,270282842195,676771096405,947053938600,315684646200,28.53,-4.79
140,2,85,offsuit,3,19,175,5s 8h,269669566440,677384372160,947053938600,315684646200,28.47,-4.85
141,2,73,suited,1,5,57,3s 7s,268147965304,678905973296,947053938600,315684646200,28.31,-5.01
142,2,43,suited,1,2,54,3s 4s,267957352976,679096585624,947053938600,315684646200,28.29,-5.03
143,2,83,suited,1,6,58,3s 8s,267816646747,679237291853,947053938600,315684646200,28.27,-5.05
144,2,82,suited,0,6,6,2s 8s,262583352247,684470586353,947053938600,315684646200,27.72,-5.6
145,2,T3,offsuit,1,21,73,3s Th,262043680557,685010258043,947053938600,315684646200,27.66,-5.66
146,2,54,offsuit,2,16,120,4s 5h,259239205142,687814733458,947053938600,315684646200,27.37,-5.96
147,2,52,suited,0,3,3,2s 5s,258700332590,688353606010,947053938600,315684646200,27.31,-6.01
148,2,T2,offsuit,0,21,21,2s Th,253669978014,693383960586,947053938600,315684646200,26.78,-6.54
149,2,64,offsuit,2,17,121,4s 6h,253470709937,693583228663,947053938600,315684646200,26.76,-6.56
150,2,62,suited,0,4,4,2s 6s,252413302975,694640635625,947053938600,315684646200,26.65,-6.68
151,2,94,offsuit,2,20,124,4s 9h,251820796133,695233142467,947053938600,315684646200,26.58,-6.74
152,2,74,offsuit,2,18,122,4s 7h,251049402247,696004536353,947053938600,315684646200,26.5,-6.82
153,2,42,suited,0,2,2,2s 4s,250969612451,696084326149,947053938600,315684646200,26.5,-6.83
154,2,72,suited,0,5,5,2s 7s,250381412332,696672526268,947053938600,315684646200,26.43,-6.89
155,2,84,offsuit,2,19,123,4s 8h,250206131093,696847807507,947053938600,315684646200,26.41,-6.91
156,2,93,offsuit,1,20,72,3s 9h,245960326729,701093611871,947053938600,315684646200,25.97,-7.36
157,2,32,suited,0,1,1,2s 3s,242513973146,704539965454,947053938600,315684646200,25.6,-7.72
158,2,53,offsuit,1,16,68,3s 5h,241025605622,706028332978,947053938600,315684646200,25.45,-7.88
159,2,92,offsuit,0,20,20,2s 9h,237702031783,709351906817,947053938600,315684646200,25.09,-8.23
160,2,63,offsuit,1,17,69,3s 6h,234294132814,712759805786,947053938600,315684646200,24.73,-8.59
161,2,43,offsuit,1,15,67,3s 4h,231932143668,715121794932,947053938600,315684646200,24.48,-8.84
162,2,73,offsuit,1,18,70,3s 7h,231672834828,715381103772,947053938600,315684646200,24.46,-8.87
163,2,83,offsuit,1,19,71,3s 8h,231048381963,716005556637,947053938600,315684646200,24.39,-8.93
164,2,82,offsuit,0,19,19,2s 8h,225289659995,721764278605,947053938600,315684646200,23.78,-9.54
165,2,52,offsuit,0,16,16,2s 5h,221870362009,725183576591,947053938600,315684646200,23.42,-9.9
166,2,62,offsuit,0,17,17,2s 6h,214943059954,732110878646,947053938600,315684646200,22.69,-10.63
167,2,42,offsuit,0,15,15,2s 4h,213661665029,733392273571,947053938600,315684646200,22.56,-10.77
168,2,72,offsuit,0,18,18,2s 7h,212560318325,734493620275,947053938600,315684646200,22.44,-10.88
169,2,32,offsuit,0,14,14,2s 3h,204623105949,742430832651,947053938600,315684646200,21.6,-11.72
