hand,1,2,3,4,5
0,1,32,suited,38.87,25.6,19.51,16.13,14.03
0,2,42,suited,39.74,26.5,20.32,16.86,14.68
0,3,52,suited,40.76,27.31,21.03,17.46,15.2
0,4,62,suited,40.5,26.65,20.3,16.67,14.37
0,5,72,suited,40.87,26.43,19.97,16.3,13.97
0,6,82,suited,42.86,27.72,20.94,17.06,14.58
0,7,92,suited,44.85,28.98,21.87,17.83,15.22
0,8,T2,suited,47.13,30.6,23.16,18.97,16.27
0,9,J2,suited,49.55,32.31,24.41,19.97,17.11
0,10,Q2,suited,52.23,34.4,26.02,21.29,18.24
0,11,K2,suited,55.18,36.92,28.06,23.02,19.77
0,12,A2,suited,59.25,40.86,31.44,25.97,22.39
0,13,22,pair,51.28,31.4,22.5,18.19,15.87
0,14,32,offsuit,35.36,21.6,15.38,11.99,9.96
0,15,42,offsuit,36.28,22.56,16.25,12.78,10.67
0,16,52,offsuit,37.37,23.42,17,13.42,11.22
0,17,62,offsuit,37.07,22.69,16.2,12.56,10.31
0,18,72,offsuit,37.45,22.44,15.82,12.13,9.85
0,19,82,offsuit,39.56,23.78,16.81,12.9,10.45
0,20,92,offsuit,41.67,25.09,17.77,13.67,11.07
0,21,T2,offsuit,44.09,26.78,19.09,14.82,12.11
0,22,J2,offsuit,46.64,28.55,20.34,15.79,12.91
0,23,Q2,offsuit,49.48,30.71,21.97,17.09,14
0,24,K2,offsuit,52.59,33.33,24.05,18.82,15.49
0,25,A2,offsuit,56.9,37.46,27.56,21.84,18.15
1,2,43,suited,41.55,28.29,21.9,18.23,15.89
1,3,53,suited,42.62,29.19,22.74,18.99,16.59
1,4,63,suited,42.38,28.55,22.02,18.21,15.77
1,5,73,suited,42.76,28.31,21.64,17.76,15.26
1,6,83,suited,43.46,28.27,21.42,17.48,14.94
1,7,93,suited,45.72,29.78,22.54,18.38,15.67
1,8,T3,suited,48,31.41,23.84,19.52,16.72
1,9,J3,suited,50.42,33.13,25.1,20.53,17.57
1,10,Q3,suited,53.1,35.24,26.72,21.86,18.71
1,11,K3,suited,56.03,37.77,28.77,23.6,20.25
1,12,A3,suited,60.1,41.79,32.29,26.71,23.05
1,14,33,pair,54.54,34.32,24.54,19.5,16.68
1,15,43,offsuit,38.22,24.48,17.95,14.26,11.97
1,16,53,offsuit,39.36,25.45,18.84,15.06,12.71
1,17,63,offsuit,39.08,24.73,18.05,14.22,11.81
1,18,73,offsuit,39.48,24.46,17.62,13.71,11.24
1,19,83,offsuit,40.21,24.39,17.35,13.37,10.85
1,20,93,offsuit,42.61,25.97,18.5,14.27,11.57
1,21,T3,offsuit,45.03,27.66,19.84,15.43,12.62
1,22,J3,offsuit,47.58,29.44,21.1,16.41,13.42
1,23,Q3,offsuit,50.41,31.62,22.74,17.73,14.52
1,24,K3,offsuit,53.52,34.26,24.83,19.47,16.02
1,25,A3,offsuit,57.83,38.48,28.49,22.66,18.87
2,3,54,suited,44.37,30.98,24.34,20.38,17.83
2,4,64,suited,44.18,30.43,23.74,19.76,17.18
2,5,74,suited,44.58,30.21,23.38,19.33,16.68
2,6,84,suited,45.3,30.15,23.12,18.97,16.26
2,7,94,suited,46.31,30.34,23.04,18.81,16.06
2,8,T4,suited,48.85,32.22,24.53,20.09,17.2
2,9,J4,suited,51.27,33.95,25.8,21.11,18.05
2,10,Q4,suited,53.94,36.07,27.43,22.45,19.21
2,11,K4,suited,56.88,38.62,29.5,24.21,20.75
2,12,A4,suited,60.92,42.68,33.08,27.38,23.62
2,15,44,pair,57.78,37.42,26.86,21.08,17.74
2,16,54,offsuit,41.23,27.37,20.57,16.58,14.05
2,17,64,offsuit,41.01,26.76,19.92,15.89,13.33
2,18,74,offsuit,41.43,26.5,19.51,15.4,12.77
2,19,84,offsuit,42.18,26.41,19.19,14.98,12.28
2,20,94,offsuit,43.25,26.58,19.07,14.76,12
2,21,T4,offsuit,45.95,28.55,20.6,16.07,13.15
2,22,J4,offsuit,48.5,30.34,21.88,17.06,13.96
2,23,Q4,offsuit,51.33,32.54,23.53,18.39,15.07
2,24,K4,offsuit,54.42,35.19,25.63,20.14,16.58
2,25,A4,offsuit,58.72,39.46,29.36,23.41,19.51
3,4,65,suited,45.91,32.22,25.36,21.19,18.44
3,5,75,suited,46.37,32.09,25.13,20.91,18.12
3,6,85,suited,47.09,32.06,24.89,20.57,17.72
3,7,95,suited,48.13,32.23,24.77,20.35,17.42
3,8,T5,suited,49.49,32.81,25.05,20.56,17.61
3,9,J5,suited,52.15,34.79,26.52,21.72,18.56
3,10,Q5,suited,54.82,36.93,28.17,23.07,19.72
3,11,K5,suited,57.75,39.5,30.25,24.84,21.28
3,12,A5,suited,61.78,43.59,33.88,28.06,24.19
3,16,55,pair,61,40.69,29.46,22.97,19.05
3,17,65,offsuit,42.87,28.69,21.67,17.44,14.7
3,18,75,offsuit,43.34,28.53,21.4,17.12,14.33
3,19,85,offsuit,44.11,28.47,21.1,16.72,13.86
3,20,95,offsuit,45.2,28.62,20.93,16.43,13.48
3,21,T5,offsuit,46.64,29.2,21.19,16.59,13.61
3,22,J5,offsuit,49.45,31.26,22.68,17.74,14.53
3,23,Q5,offsuit,52.28,33.48,24.34,19.08,15.65
3,24,K5,offsuit,55.37,36.15,26.47,20.84,17.18
3,25,A5,offsuit,59.65,40.45,30.24,24.16,20.14
4,5,76,suited,47.91,33.83,26.73,22.29,19.31
4,6,86,suited,48.66,33.88,26.6,22.11,19.09
4,7,96,suited,49.7,34.08,26.51,21.91,18.82
4,8,T6,suited,51.08,34.63,26.76,22.07,18.93
4,9,J6,suited,52.63,35.33,27.01,22.14,18.92
4,10,Q6,suited,55.54,37.71,28.86,23.65,20.19
4,11,K6,suited,58.47,40.29,30.96,25.43,21.77
4,12,A6,suited,61.63,43.19,33.31,27.4,23.5
4,17,66,pair,63.86,43.76,32.05,24.99,20.59
4,18,76,offsuit,44.99,30.4,23.12,18.61,15.62
4,19,86,offsuit,45.78,30.42,22.95,18.39,15.35
4,20,96,offsuit,46.87,30.6,22.81,18.12,15
4,21,T6,offsuit,48.33,31.16,23.03,18.22,15.04
4,22,J6,offsuit,49.97,31.84,23.22,18.21,14.93
4,23,Q6,offsuit,53.05,34.32,25.1,19.71,16.17
4,24,K6,offsuit,56.14,37,27.24,21.5,17.71
4,25,A6,offsuit,59.49,40.03,29.65,23.47,19.42
5,6,87,suited,50.18,35.65,28.28,23.6,20.39
5,7,97,suited,51.24,35.93,28.31,23.56,20.3
5,8,T7,suited,52.62,36.52,28.6,23.75,20.45
5,9,J7,suited,54.19,37.21,28.82,23.77,20.36
5,10,Q7,suited,56.08,38.34,29.46,24.18,20.66
5,11,K7,suited,59.22,41.17,31.77,26.13,22.36
5,12,A7,suited,62.58,44.31,34.36,28.3,24.25
5,18,77,pair,66.74,47,34.9,27.27,22.34
5,19,87,offsuit,47.4,32.33,24.76,20,16.75
5,20,97,offsuit,48.52,32.6,24.75,19.9,16.6
5,21,T7,offsuit,49.98,33.19,25.01,20.05,16.7
5,22,J7,offsuit,51.63,33.86,25.17,19.98,16.5
5,23,Q7,offsuit,53.62,35.01,25.76,20.31,16.7
5,24,K7,offsuit,56.95,37.96,28.13,22.27,18.38
5,25,A7,offsuit,60.51,41.25,30.79,24.46,20.24
6,7,98,suited,52.74,37.74,30.07,25.15,21.71
6,8,T8,suited,54.15,38.45,30.52,25.56,22.11
6,9,J8,suited,55.71,39.14,30.75,25.58,22.01
6,10,Q8,suited,57.61,40.27,31.37,25.94,22.25
6,11,K8,suited,59.83,41.9,32.49,26.79,22.95
6,12,A8,suited,63.37,45.29,35.3,29.15,24.98
6,19,88,pair,69.6,50.45,38.09,29.96,24.5
6,20,98,offsuit,50.12,34.54,26.66,21.63,18.14
6,21,T8,offsuit,51.62,35.25,27.09,22.01,18.5
6,22,J8,offsuit,53.26,35.94,27.26,21.94,18.3
6,23,Q8,offsuit,55.26,37.08,27.83,22.23,18.43
6,24,K8,offsuit,57.6,38.75,28.92,23.01,19.04
6,25,A8,offsuit,61.37,42.31,31.82,25.39,21.06
7,8,T9,suited,55.67,40.4,32.54,27.48,23.89
7,9,J9,suited,57.21,41.1,32.78,27.52,23.82
7,10,Q9,suited,59.1,42.24,33.41,27.9,24.06
7,11,K9,suited,61.33,43.88,34.52,28.72,24.73
7,12,A9,suited,64.05,46.15,36.17,29.97,25.75
7,20,99,pair,72.44,54.07,41.62,33.07,27.11
7,21,T9,offsuit,53.24,37.36,29.27,24.1,20.45
7,22,J9,offsuit,54.86,38.05,29.45,24.05,20.27
7,23,Q9,offsuit,56.85,39.2,30.04,24.35,20.41
7,24,K9,offsuit,59.21,40.88,31.12,25.11,20.98
7,25,A9,offsuit,62.09,43.25,32.78,26.31,21.92
8,9,JT,suited,58.9,43.45,35.35,30.11,26.34
8,10,QT,suited,60.76,44.59,36,30.52,26.62
8,11,KT,suited,62.99,46.23,37.12,31.35,27.3
8,12,AT,suited,65.71,48.5,38.75,32.56,28.26
8,21,TT,pair,75.36,58.02,45.69,36.85,30.45
8,22,JT,offsuit,56.66,40.57,32.23,26.87,23.02
8,23,QT,offsuit,58.63,41.73,32.83,27.19,23.19
8,24,KT,offsuit,60.98,43.41,33.93,27.96,23.78
8,25,AT,offsuit,63.87,45.78,35.57,29.12,24.65
9,10,QJ,suited,61.44,45.54,37.03,31.54,27.57
9,11,KJ,suited,63.65,47.19,38.17,32.4,28.28
9,12,AJ,suited,66.38,49.48,39.83,33.64,29.28
9,22,JJ,pair,77.78,61.57,49.62,40.72,34.04
9,23,QJ,offsuit,59.36,42.75,33.96,28.32,24.26
9,24,KJ,offsuit,61.69,44.45,35.08,29.12,24.88
9,25,AJ,offsuit,64.59,46.83,36.75,30.31,25.79
10,11,KQ,suited,64.39,48.27,39.4,33.67,29.53
10,12,AQ,suited,67.1,50.56,41.08,34.94,30.56
10,23,QQ,pair,80.21,65.3,53.91,45.13,38.3
10,24,KQ,offsuit,62.47,45.61,36.42,30.52,26.26
10,25,AQ,offsuit,65.35,47.99,38.1,31.74,27.21
11,12,AK,suited,67.86,51.75,42.51,36.49,32.14
11,24,KK,pair,82.67,69.21,58.6,50.14,43.32
11,25,AK,offsuit,66.17,49.28,39.66,33.44,28.96
12,25,AA,pair,85.47,73.77,64.18,56.21,49.52
